cam0:
  camera_model: pinhole
  distortion_coeffs: [0.09502606445782566, -0.17238178335699306, -0.000670169133086522, -0.002996122204203134]
  distortion_model: radtan
  intrinsics: [880.2295647376866, 880.0947405052151, 647.8587204785478, 364.5063979556682]
  resolution: [1280, 720]